intervals PCB: 22, intervals DMM: 22
y = 1.00000 x + 0.00002

MSE =

   1.8609e-07