intervals PCB: 25, intervals DMM: 25
y = 1.00000 x + -0.00008

MSE =

   5.6448e-07